[-0.10045890075753877, -9.999495387731251],
[-0.5360397631801338, -9.985622733324636],
[-0.6503138891693018, -9.978832188465416],
[-1.8381024101448182, -9.829617466098048],
[-1.9990571420243863, -9.798151383956123],
[-2.4814346846748947, -9.687232933386728],
[-2.786730979844969, -9.603860184632651],
[-3.1020579105267054, -9.506694310839004],
[-3.183912204512061, -9.479594035292816],
[-3.533419733492029, -9.35494227598274],
[-3.7929082206095717, -9.252775109664794],
[-5.263033855836533, -8.502968577639132],
[-5.7408325811425795, -8.187969301071654],
[-7.15419804664716, -6.986948569250382],
[-7.716495177017276, -6.3604797132817845],
[-7.889173217750099, -6.1449935671516],
[-8.260990098661647, -5.635250002423515],
[-8.28297386223043, -5.602887112695339],
[-9.184230144616047, -3.9559975544388184],
[-9.23591038732939, -3.833791767587418],
[-9.32891328550025, -3.6015797799877944],
[-9.577681789906498, -2.875415018965692],
[-9.613727700991118, -2.7524969920412334],
[-9.77233219764063, -2.121679386466359],
[-9.960189316625247, -0.8914195291692205],
[-9.9705190328457, -0.7673006031938473],
[-9.99625266958223, -0.2737381337522308],
[-9.999963240026101, 0.027114537183580912],
[-9.99246989815247, 0.3880017197342934],
[-9.888563210252105, 1.4887302095573167],
[-9.803605462055883, 1.9721358838447423],
[-9.627692463659079, 2.7032457944482537],
[-9.301780113543353, 3.6710879476375124],
[-9.168757457048523, 3.9917272819942378],
[-8.919837113839149, 4.520675376819009],
[-7.295706023398251, 6.839055023915984],
[-7.150746916189003, 6.990480565784693],
[-6.320623957563452, 7.74917497460697],
[-6.313246759495291, 7.75518635196616],
[-6.207682254138618, 7.839941392105715],
[-6.106345701113468, 7.919125089206071],
[-4.653010313729363, 8.851525010998284],
[-4.497707070956337, 8.93144059510387],
[-4.215212459574566, 9.068185260604645],
[-4.109837271009405, 9.11642680033257],
[-3.428751249994011, 9.393809922798336],
[-2.865346476243066, 9.580698803901594],
[-1.870220647401391, 9.823557132222193],
[-1.7172801069591572, 9.85144400756774],
[0.22614955088171493, 9.997442491989439],
[1.3680441944398587, 9.905980773354013],
[2.1205522774251824, 9.77257683718613],
[2.6175306548855404, 9.651348779871881],
[3.3437201535019305, 9.424411681111188],
[3.5070880356071354, 9.364845621285024],
[4.3260777198198985, 9.015822289845662],
[4.860693706263251, 8.73920229162209],
[5.119385088034835, 8.590220970406207],
[5.692785588003364, 8.221447089717307],
[6.021241107236785, 7.984025020534564],
[6.129723643798632, 7.90104347859547],
[6.294934110004662, 7.770058207677714],
[6.432976258601908, 7.656161992556335],
[6.790619896497755, 7.340809316505151],
[7.254861061871932, 6.882368122451346],
[7.502073663230478, 6.612026221323055],
[7.605735835275902, 6.492517416534204],
[8.554068338925035, 5.179567052659931],
[8.639159915811634, 5.03635939434762],
[8.642458757200801, 5.030696435890681],
[8.644513674094226, 5.027164542602317],
[8.664814150996481, 4.992093321312327],
[8.832420290605615, 4.689173894205483],
[9.053672297110136, 4.246294612546384],
[9.112175300152876, 4.1192549446816065],
[9.177073704013402, 3.972570733304281],
[9.263518356013243, 3.7665936425111877],
[9.573746950177075, 2.888489109201407],
[9.690630711229462, 2.4681321720232887],
[9.740337009491293, 2.2640306847598644],
[9.746073212375947, 2.239208998509964],
[9.988598924787075, 0.47737984848806003],
[9.99568289681326, 0.2938084858455826],
[9.999874848076857, 0.050030218866782446],
[9.988703819261035, -0.4751799775663876],
[9.555683369974039, -2.9476966147827377],
[9.0705906516312, -4.2100338752248385],
[8.612714739995651, -5.08145105333719],
[8.550731771013542, -5.185073401619271],
[7.995974055792935, -6.005364177057563],
[7.689421801350446, -6.393183272902199],
[6.655503117715033, -7.463529878689137],
[6.40487559906156, -7.679685446718883],
[5.597068696136787, -8.286906661156841],
[5.473221578755448, -8.369220127935801],
[5.232218914144143, -8.521964869352153],
[4.188642112347049, -9.080488822451843],
[3.879635763302984, -9.216747058702461],
[2.316465342919069, -9.728000221785301],
[0.39240017119212245, -9.992298139349545],
[-0.10045890075753877, -9.999495387731251],
